{
  "nbformat": 4,
  "nbformat_minor": 0,
  "metadata": {
    "colab": {
      "provenance": []
    },
    "kernelspec": {
      "name": "python3",
      "display_name": "Python 3"
    },
    "language_info": {
      "name": "python"
    }
  },
  "cells": [
    {
      "cell_type": "code",
      "execution_count": 1,
      "metadata": {
        "id": "mVe5MmM48xql"
      },
      "outputs": [],
      "source": [
        "import numpy as np\n",
        "\n",
        "Hamiltonian = np.matrix([[-16.147714961373744, -14.39777363394787, -15.115165717488331, -9.01633174140941, -10.449316621327744, -11.408860710027769, -11.452691753164036],\n",
        "                        [-14.39777363394787, -11.070373013814864, -11.994939166129585, -7.410979447632245, -8.98833394676205, -10.141160052030653, -9.568740486370396],\n",
        "                        [-15.115165717488331, -11.994939166129585, -12.957385547194864, -7.534142504047735, -9.34685821780652, -11.901430784686516, -8.889196949823368],\n",
        "                        [-9.01633174140941, -7.410979447632245, -7.534142504047735, -6.039464488565331, -6.548130188945997, -8.017427679012284, -7.507022014031599],\n",
        "                        [-10.449316621327744, -8.98833394676205, -9.34685821780652, -6.548130188945997, -7.851770667311334, -10.588258933337709, -9.457111938190623],\n",
        "                        [-11.408860710027769, -10.141160052030653, -11.901430784686516, -8.017427679012284, -10.588258933337709, -10.529208928322566, -9.633117363440812],\n",
        "                        [-11.452691753164036, -9.568740486370396, -8.889196949823368, -7.507022014031599, -9.457111938190623, -9.633117363440812, -9.066136182556198]])\n",
        "\n",
        "# Compute eigenvalues and right eigenvectors\n",
        "eigenvalues, eigenvectors = np.linalg.eig(Hamiltonian)"
      ]
    },
    {
      "cell_type": "code",
      "source": [
        "# Create the diagonal matrix of eigenvalues\n",
        "D = np.diag(eigenvalues)"
      ],
      "metadata": {
        "id": "fVsv8s-mMZqk"
      },
      "execution_count": 2,
      "outputs": []
    },
    {
      "cell_type": "code",
      "source": [
        "print(\"Original Hamiltonian matrix:\")\n",
        "print(Hamiltonian)"
      ],
      "metadata": {
        "colab": {
          "base_uri": "https://localhost:8080/"
        },
        "id": "5K41dhy5Mmhk",
        "outputId": "5639a2b6-0ad4-449d-f762-5904cc883e16"
      },
      "execution_count": 3,
      "outputs": [
        {
          "output_type": "stream",
          "name": "stdout",
          "text": [
            "Original Hamiltonian matrix:\n",
            "[[-16.14771496 -14.39777363 -15.11516572  -9.01633174 -10.44931662\n",
            "  -11.40886071 -11.45269175]\n",
            " [-14.39777363 -11.07037301 -11.99493917  -7.41097945  -8.98833395\n",
            "  -10.14116005  -9.56874049]\n",
            " [-15.11516572 -11.99493917 -12.95738555  -7.5341425   -9.34685822\n",
            "  -11.90143078  -8.88919695]\n",
            " [ -9.01633174  -7.41097945  -7.5341425   -6.03946449  -6.54813019\n",
            "   -8.01742768  -7.50702201]\n",
            " [-10.44931662  -8.98833395  -9.34685822  -6.54813019  -7.85177067\n",
            "  -10.58825893  -9.45711194]\n",
            " [-11.40886071 -10.14116005 -11.90143078  -8.01742768 -10.58825893\n",
            "  -10.52920893  -9.63311736]\n",
            " [-11.45269175  -9.56874049  -8.88919695  -7.50702201  -9.45711194\n",
            "   -9.63311736  -9.06613618]]\n"
          ]
        }
      ]
    },
    {
      "cell_type": "code",
      "source": [
        "print(\"Eigenvalues:\")\n",
        "print(eigenvalues)"
      ],
      "metadata": {
        "colab": {
          "base_uri": "https://localhost:8080/"
        },
        "id": "YhRL40uwNbyk",
        "outputId": "e2cbb4c7-d753-43d1-a485-1b55c7acd2ec"
      },
      "execution_count": 4,
      "outputs": [
        {
          "output_type": "stream",
          "name": "stdout",
          "text": [
            "Eigenvalues:\n",
            "[-71.99164251  -4.0884328   -1.71326064   2.24186508   1.61326294\n",
            "   0.72788434  -0.4517302 ]\n"
          ]
        }
      ]
    },
    {
      "cell_type": "code",
      "source": [
        "print(\"Eigenvectors:\")\n",
        "print(eigenvectors)"
      ],
      "metadata": {
        "colab": {
          "base_uri": "https://localhost:8080/"
        },
        "id": "2HE7WExnNJUt",
        "outputId": "94adbb8d-145f-42c5-9ab6-51e5403c4cf2"
      },
      "execution_count": 5,
      "outputs": [
        {
          "output_type": "stream",
          "name": "stdout",
          "text": [
            "Eigenvectors:\n",
            "[[-0.46962431 -0.46370667 -0.30216304  0.4254823  -0.40772752 -0.35440505\n",
            "   0.01570916]\n",
            " [-0.39332336 -0.28866053 -0.24591117 -0.12486535  0.15337028  0.79073094\n",
            "   0.19269227]\n",
            " [-0.41679937 -0.39137945  0.52849448 -0.43865116  0.3225886  -0.2891416\n",
            "  -0.11710205]\n",
            " [-0.27473064  0.27083506 -0.2382489  -0.19681152 -0.13233039  0.09090195\n",
            "  -0.85434164]\n",
            " [-0.33411869  0.41611592  0.13244276 -0.42765757 -0.6006797  -0.01962606\n",
            "   0.39189141]\n",
            " [-0.38030608  0.3693746   0.5269677   0.62353009  0.10317209  0.19921224\n",
            "  -0.04598871]\n",
            " [-0.34537383  0.40685584 -0.46574693 -0.02330399  0.56320556 -0.34235202\n",
            "   0.2516278 ]]\n"
          ]
        }
      ]
    },
    {
      "cell_type": "code",
      "source": [
        "print(\"Diagonal matrix D:\")\n",
        "print(D)"
      ],
      "metadata": {
        "colab": {
          "base_uri": "https://localhost:8080/"
        },
        "id": "hxisxJxQNlUC",
        "outputId": "c1811359-8d16-4728-c977-75d846cb00ac"
      },
      "execution_count": 6,
      "outputs": [
        {
          "output_type": "stream",
          "name": "stdout",
          "text": [
            "Diagonal matrix D:\n",
            "[[-71.99164251   0.           0.           0.           0.\n",
            "    0.           0.        ]\n",
            " [  0.          -4.0884328    0.           0.           0.\n",
            "    0.           0.        ]\n",
            " [  0.           0.          -1.71326064   0.           0.\n",
            "    0.           0.        ]\n",
            " [  0.           0.           0.           2.24186508   0.\n",
            "    0.           0.        ]\n",
            " [  0.           0.           0.           0.           1.61326294\n",
            "    0.           0.        ]\n",
            " [  0.           0.           0.           0.           0.\n",
            "    0.72788434   0.        ]\n",
            " [  0.           0.           0.           0.           0.\n",
            "    0.          -0.4517302 ]]\n"
          ]
        }
      ]
    },
    {
      "cell_type": "code",
      "source": [
        "# Verify the diagonalization: A = PDP^-1\n",
        "# P is the matrix of eigenvectors\n",
        "# P_inv is the inverse of P\n",
        "P = eigenvectors\n",
        "P_inv = np.linalg.inv(P)"
      ],
      "metadata": {
        "id": "pXxjNifAMmOk"
      },
      "execution_count": 7,
      "outputs": []
    },
    {
      "cell_type": "code",
      "source": [
        "# Verify the result\n",
        "H_reconstructed = P @ D @ P_inv\n",
        "\n",
        "print(\"Reconstructed Hamiltonian matrix from PDP^-1:\")\n",
        "print(H_reconstructed)"
      ],
      "metadata": {
        "colab": {
          "base_uri": "https://localhost:8080/"
        },
        "id": "Jb3oM8QlNs0L",
        "outputId": "b9b4e0b3-5ab0-4390-8c7d-85d6d3fa7e20"
      },
      "execution_count": 8,
      "outputs": [
        {
          "output_type": "stream",
          "name": "stdout",
          "text": [
            "Reconstructed Hamiltonian matrix from PDP^-1:\n",
            "[[-16.14771496 -14.39777363 -15.11516572  -9.01633174 -10.44931662\n",
            "  -11.40886071 -11.45269175]\n",
            " [-14.39777363 -11.07037301 -11.99493917  -7.41097945  -8.98833395\n",
            "  -10.14116005  -9.56874049]\n",
            " [-15.11516572 -11.99493917 -12.95738555  -7.5341425   -9.34685822\n",
            "  -11.90143078  -8.88919695]\n",
            " [ -9.01633174  -7.41097945  -7.5341425   -6.03946449  -6.54813019\n",
            "   -8.01742768  -7.50702201]\n",
            " [-10.44931662  -8.98833395  -9.34685822  -6.54813019  -7.85177067\n",
            "  -10.58825893  -9.45711194]\n",
            " [-11.40886071 -10.14116005 -11.90143078  -8.01742768 -10.58825893\n",
            "  -10.52920893  -9.63311736]\n",
            " [-11.45269175  -9.56874049  -8.88919695  -7.50702201  -9.45711194\n",
            "   -9.63311736  -9.06613618]]\n"
          ]
        }
      ]
    },
    {
      "cell_type": "code",
      "source": [],
      "metadata": {
        "id": "rxPAdUSKN9nG"
      },
      "execution_count": 8,
      "outputs": []
    }
  ]
}